,activity_calories,distance,floors,mins_active_high,mins_active_light,mins_active_med,mins_sedentary,steps,total_calories
2018-12-07,1001.1865102008846,3.4747031040875394,6.811968908105026,15.652332092125079,161.15170928918832,19.472934491312998,834.1854039420514,7432.044521990204,2869.3280253430225
2018-12-08,996.1530852772503,3.470026261528709,6.72575186681016,15.462405945274998,160.84650467083878,19.552849760075105,835.0291792545073,7423.158829097472,2864.03138825286
2018-12-09,991.1196603536158,3.465349418969879,6.6395348255152955,15.272479798424918,160.54130005248922,19.632765028837213,835.8729545669632,7414.273136204741,2858.734751162697
2018-12-10,986.0862354299815,3.4606725764110493,6.55331778422043,15.082553651574836,160.23609543413968,19.71268029759932,836.7167298794191,7405.387443312009,2853.4381140725345
2018-12-11,981.052810506347,3.455995733852219,6.467100742925565,14.892627504724755,159.93089081579012,19.792595566361424,837.560505191875,7396.501750419277,2848.141476982372
2018-12-12,976.0193855827126,3.451318891293389,6.380883701630699,14.702701357874673,159.6256861974406,19.87251083512353,838.4042805043308,7387.616057526546,2842.844839892209
2018-12-13,970.9859606590783,3.446642048734559,6.294666660335834,14.512775211024593,159.32048157909102,19.95242610388564,839.2480558167867,7378.730364633815,2837.5482028020465
2018-12-14,965.9525357354439,3.4419652061757287,6.208449619040969,14.322849064174513,159.01527696074146,20.032341372647746,840.0918311292426,7369.844671741083,2832.251565711884
2018-12-15,960.9191108118096,3.437288363616899,6.122232577746104,14.13292291732443,158.71007234239192,20.112256641409854,840.9356064416985,7360.958978848352,2826.954928621721
2018-12-16,955.8856858881752,3.4326115210580688,6.036015536451238,13.94299677047435,158.40486772404236,20.192171910171957,841.7793817541543,7352.07328595562,2821.6582915315585
2018-12-17,950.8522609645407,3.4279346784992386,5.949798495156373,13.753070623624268,158.0996631056928,20.272087178934065,842.6231570666102,7343.1875930628885,2816.361654441396
2018-12-18,945.8188360409064,3.4232578359404084,5.863581453861507,13.563144476774188,157.79445848734326,20.352002447696172,843.4669323790661,7334.301900170157,2811.065017351233
2018-12-19,940.7854111172719,3.4185809933815783,5.777364412566643,13.373218329924107,157.4892538689937,20.43191771645828,844.310707691522,7325.416207277425,2805.7683802610704
2018-12-20,935.7519861936375,3.413904150822748,5.691147371271777,13.183292183074025,157.18404925064416,20.511832985220387,845.1544830039779,7316.530514384694,2800.4717431709078
